290552545783709952
9011598375026720
-9214351639131978716
1161084652224640
-9150117061635063800
-9222244727120723936
360325422330445825
-9218831994329169919
612507184491921920
144821078844833800
576522346444570632
324294426414301312
9042503925239810
36169608998207520
666532764446623040
1170935937484491904
4634205159361222664
288511885790220448
4505261847871586
4686039397374689360
140754685067280
578791717226956832
1157530657367392342
5778127685146641477
4611699212835635456
649679439243788338
576601507542216739
4647732546048655872
22553189018505248
2252349594673157
153404137387073792
580968957209498880
-9205322447094398848
74907803058242080
4932688336191520
4630352444513124416
35192962039937
4612252269063241761
1225612696520130564
1153559223498473760
4611835689582072833
1161931177905684736
4611831171293145217
288442036569432081
666535562483863584
-2251447145229967036
19142514787229761
576504802091994118
-8934855779073064896
2306441152163742852
585472383981715490
36031064895946755
4618459015432700929
-8925571476967260160
108156759939612688
1729998160602923041
5782692290422194178
1445657284810121224
6919816561989550112
1157442705840738308
72128005807456272
-9186639551269830528
2774218475492090912
13533899499045120
9288816503324800
18155204718919700
4508001968980560
1161155147207688
14641922543194144
1162227788742348802
-6917524624217272191
4612920497791842432
108174362775011394
36046679249588865
288300770802040898
145276308878885444
36037593248760352
587159002591289364
74319023202385922
1301821906337923077
292769168749559824
306828340861403161
1729663736182014081
291048493177381380
576742228354933376
1225049467457122516
666603182448707108
2261214517414016
10137505932247168
4621823554424934401
1130306678620177
