6341081478086074377
1734625710830690572
4037477075067142848
2460443142980110617
2594777934487713792
5197175961292242986
4760357744328901832
-6192440648037981551
770130952710272000
-8609756432644304632
40603865481742944
873845907798052880
306807724648581810
4760447745997770888
1224997829370888704
4693014837055084609
2621323682631561764
-6050442887559039836
-9205145239292984941
288810952885807232
811635303260391428
35218732351744
252387156224425988
4683893799016989756
4900128609194246260
4612321295765094468
493726077959012720
3463270450984171072
-5691415025728337727
140806745752136
578714957332365312
9007207878240256
583286521663062042
623187799616536968
158330752335880
1513213873413423136
153826625635491848
4949547810832
4611932588272128000
-9223372028231286784
144185591498555404
2319353808232661000
2387330015109849092
72057596185493526
3298803466240
-4317509156958093312
578712552117371415
283674001031168
72059813864996992
2630673997487964320
1152956689285267456
11294194740494850
1729400418448454224
17518045192
1125899973952720
2310346681872548354
649681905058325776
864729063771603472
2378340425082602512
38280614214372360
-4035225231759507440
2449975790280900905
1189135570420516865
-6844696809944349646
7224943752249348169
6773424635252878871
5801763405489512393
1298162735145697315
-8934855631408293871
144264721657242625
-9180552369290599450
1275996887165976592
-6874744517631573615
1326318891762565210
1747695761239318540
153263137775443412
1445673075797393931
-9203085906112544768
-9098309183286924255
-5475937305711607696
594880320915931216
2453481309723953176
-9194503257070075900
1810483902233502754
2475027354731642898
8440308928773034565
7693440371166021312
585776656902799745
235613333238211073
619848037884813826
2387279713473276568
-6845453566471897021
-1728818173075914748
-5746574362756931560
4764815037491712004
7102214116445783330
-3457566000998644902
1733894688064700934
217017344751862850
-5764571753992940768
2257359597855580240
-7203786570283458544
-3251590099929630716
-8627416856946274255
-9213766565030238592
-6908520710752665535
-9078130399111905216
76596387432661280
4629726908362367086
1607961066494237200
508933198162890754
-7914931750687208696
30434484005527681
-9191686279894920794
307660946179948801
146402456267456704
1154223464752652296
1857753350646333584
2598612343655243861
4613956445607299330
4612821818246763630
2747266144393234437
184999568034250817
2314920854239104032
4613955431935609376
72093055445958664
583218359357718544
5242247175225976080
-9195400229028880360
1235121290839802118
886760672058410272
90212764999585870
18124522578320422
247909223984318723
-8043409106632436348
4611968318109384800
22527069242036240
-9204214077481549760
-9201821471443869692
1313960826662752388
4637835357324075
1731635160572510213
444629312967480358
162516666224478726
637560648929124577
4644970984481425031
3459925615648702560
648595346783535108
36618272724090912
3485997252185448456
13572466489459234
-9223077363409870815
-9056424655876649908
-6753551259178889466
1044863981100206620
3046968824600789248
-8645643547575777151
-2087400826308917216
-9221032001031569391
3476854233474932752
3335022211131262992
-6842367864020531868
1164866873947456003
5909358023754982473
-9178299477388424176
2882727073580355712
-8642363661173391055
153126802692636693
90388729339854852
2432232160736905236
414332265297435730
2071673584694600385
-2006206847040090848
882987144749393984
1154065546472488961
869265114046529537
8437590728697971716
221067258405882387
4617526907983376515
-9217707267015441280
4613942766179207312
72902156415533136
5874613670055264392
438329111948039210
756746200610783489
2955556044161281
2886843647309955137
292804481964441616
595461461061679616
2883159302427640320
2706739379942983680
597415795903242497
-8745414306355216343
293019857459478784
4618723999101288592
82205202188468360
-5690294830107720640
-8640050054950534080
292786770054349898
1161642894296865
1190078546853363732
-8068708901400343872
5044242972357459976
146297628731779078
-6700722924645427456
2684483565253855233
-8628602112099221055
1189099835794522145
4616194295283122192
328764973029851140
-7376821413631467488
2454748779216551944
190279635685736803
36451342415335698
3864792262418367236
6935547969234143813
2287001365651521
-8928381862141689600
-3458333496668192764
1463676478158028992
5783765417942124741
5332571333903802544
4096590152742244398
648800814298697860
2360101848626637458
2350923124498763906
2310373022931878017
94584390432587904
306249482247340144
577059609324364184
3459497340786884744
7802490752575356130
4073229026565564744
2319936010322433024
4791867954392862354
5226638630630720062
480763684172595217
3188583763504463880
-4598172949587943292
-4316695827538968570
-5906365211538863976
4905282012127981577
-8353891141543700214
587766206812129292
153272355777544451
290483550426333440
41112943147981056
598430695097472
1378182893221994500
-8610495459418423160
7499637146848883458
288573442377122484
18023238895536673
148621004041625667
-8932885436804618176
2314867817970933828
3468079612907503681
288336483941781585
577940695231292564
155066909146546370
22544455152197637
4616191959894130836
2308095427536234504
73226684148646032
-8356415611610431452
5206760287152676874
288885618510205127
290517366847176705
2308098176283869196
148627584937100848
-6870206046636339198
-9040403807430432752
75439969904363561
